No. of flows: 823
8837, 
7584, 
3523, 
6538, 
1429, 
5989, 
7659, 
6674, 
9433, 
2185, 
2515, 
462, 
2517, 
6680, 
2519, 
0, 
5645, 
4660, 
1411, 
7971, 
493, 
4656, 
0, 
0, 
0, 
476, 
7259, 
478, 
1421, 
7260, 
407, 
406, 
1160, 
6644, 
4219, 
0, 
0, 
1460, 
9851, 
7238, 
7241, 
7993, 
0, 
7242, 
4980, 
6228, 
6231, 
0, 
2553, 
1177, 
2555, 
4630, 
6237, 
7284, 
6239, 
7642, 
7589, 
3480, 
4115, 
1450, 
6601, 
0, 
2535, 
0, 
441, 
0, 
0, 
3458, 
3461, 
1108, 
9367, 
6222, 
1113, 
7272, 
8419, 
9203, 
5181, 
4584, 
8779, 
0, 
1089, 
4104, 
8427, 
1090, 
3509, 
8428, 
6271, 
1386, 
9353, 
0, 
7559, 
7194, 
1101, 
7196, 
7199, 
2438, 
6249, 
8344, 
3375, 
5330, 
9397, 
6252, 
7175, 
0, 
0, 
1348, 
1351, 
0, 
1149, 
6164, 
4135, 
6166, 
1121, 
1120, 
4567, 
2490, 
77, 
861, 
5547, 
3158, 
1129, 
7224, 
6147, 
7526, 
3165, 
9388, 
9747, 
9390, 
5064, 
1040, 
0, 
8378, 
5365, 
0, 
0, 
5366, 
97, 
9700, 
4527, 
4526, 
2133, 
0, 
0, 
6198, 
0, 
7376, 
2139, 
2138, 
7381, 
0, 
6207, 
0, 
2113, 
0, 
1035, 
1034, 
7389, 
4536, 
347, 
0, 
6185, 
3308, 
2327, 
0, 
9077, 
1076, 
4483, 
6023, 
6353, 
3176, 
6355, 
7370, 
0, 
5109, 
8683, 
1086, 
7409, 
7408, 
11, 
6362, 
9061, 
7412, 
5255, 
0, 
2145, 
6336, 
0, 
5258, 
4996, 
2148, 
4247, 
54, 
0, 
4452, 
4455, 
7763, 
1237, 
5300, 
4255, 
62, 
4225, 
32, 
2067, 
6494, 
5973, 
6725, 
2071, 
3047, 
0, 
2072, 
1263, 
4234, 
8828, 
1220, 
6399, 
6398, 
6445, 
5460, 
7323, 
1226, 
6373, 
7324, 
5295, 
4278, 
4281, 
9761, 
219, 
2058, 
1273, 
0, 
2063, 
0, 
6289, 
2268, 
4259, 
7306, 
4261, 
196, 
3251, 
198, 
7680, 
4264, 
8995, 
202, 
6301, 
1252, 
0, 
0, 
0, 
2220, 
6275, 
9002, 
4441, 
0, 
6279, 
5990, 
5993, 
7328, 
1247, 
250, 
0, 
8028, 
1243, 
6418, 
225, 
6320, 
3275, 
9574, 
0, 
6324, 
4991, 
7410, 
0, 
9152, 
6375, 
7422, 
2269, 
9576, 
2271, 
2270, 
7365, 
5888, 
8051, 
0, 
2185, 
3168, 
9587, 
0, 
8057, 
905, 
2251, 
4358, 
8061, 
6384, 
8063, 
4354, 
4720, 
3304, 
5351, 
2290, 
9213, 
9212, 
6991, 
4894, 
5945, 
9184, 
7391, 
0, 
5949, 
3220, 
0, 
5354, 
0, 
2272, 
0, 
2274, 
7329, 
0, 
0, 
5926, 
5373, 
0, 
8519, 
0, 
2285, 
2284, 
191, 
943, 
0, 
0, 
4923, 
1126, 
4329, 
4629, 
7023, 
0, 
1133, 
9088, 
6107, 
170, 
173, 
0, 
4903, 
1130, 
9097, 
1888, 
9527, 
9098, 
3925, 
6084, 
7991, 
6942, 
881, 
3232, 
2187, 
0, 
1901, 
3236, 
4291, 
8847, 
0, 
3124, 
5083, 
7970, 
7973, 
7972, 
8491, 
0, 
0, 
1816, 
3915, 
1818, 
2901, 
9820, 
2239, 
5062, 
2209, 
6284, 
5303, 
3954, 
3957, 
0, 
3959, 
0, 
2101, 
2880, 
0, 
786, 
2885, 
788, 
8159, 
0, 
0, 
9444, 
8463, 
0, 
5249, 
0, 
0, 
6038, 
2053, 
7120, 
5091, 
2054, 
0, 
3096, 
8143, 
8895, 
3857, 
8476, 
2939, 
8478, 
5101, 
3040, 
9831, 
782, 
37, 
0, 
3867, 
0, 
7109, 
1836, 
9574, 
4034, 
0, 
0, 
2923, 
8826, 
2925, 
8164, 
0, 
9750, 
5229, 
3068, 
9755, 
8802, 
6077, 
8804, 
807, 
7158, 
2841, 
2840, 
0, 
7162, 
7165, 
0, 
0, 
2846, 
8089, 
4, 
3899, 
1731, 
4001, 
1996, 
3903, 
8094, 
8065, 
5048, 
8731, 
9778, 
2829, 
7517, 
0, 
2830, 
961, 
5024, 
8407, 
5722, 
0, 
5028, 
9387, 
9386, 
4049, 
5032, 
0, 
5206, 
9765, 
1757, 
5039, 
7070, 
2989, 
2024, 
8123, 
9406, 
8125, 
0, 
6195, 
7046, 
8761, 
8172, 
2859, 
7050, 
8169, 
2008, 
0, 
0, 
1776, 
6148, 
0, 
5166, 
0, 
0, 
8478, 
5758, 
7761, 
4080, 
3035, 
739, 
3756, 
1924, 
3039, 
0, 
3009, 
4720, 
0, 
5738, 
5741, 
5477, 
1935, 
6527, 
9969, 
9968, 
0, 
0, 
8925, 
0, 
0, 
7750, 
897, 
0, 
9979, 
4443, 
7757, 
6740, 
6743, 
8146, 
5633, 
4156, 
1935, 
906, 
0, 
8908, 
0, 
4154, 
3041, 
5640, 
1698, 
3042, 
8949, 
4628, 
2750, 
6726, 
3969, 
0, 
3051, 
4634, 
3973, 
4636, 
4639, 
7122, 
8664, 
908, 
3979, 
8930, 
905, 
4612, 
4478, 
9290, 
4617, 
0, 
1603, 
0, 
4621, 
940, 
2390, 
2974, 
1609, 
1345, 
0, 
9310, 
1613, 
6756, 
8855, 
9870, 
7681, 
4664, 
5843, 
602, 
0, 
8860, 
1655, 
0, 
9913, 
0, 
0, 
1862, 
1661, 
6676, 
7695, 
0, 
585, 
4648, 
3003, 
3666, 
5829, 
1636, 
7043, 
4654, 
0, 
0, 
4819, 
9898, 
5837, 
5836, 
0, 
9274, 
3853, 
1884, 
0, 
1387, 
4829, 
3652, 
7719, 
0, 
0, 
9560, 
3659, 
0, 
7725, 
4804, 
7558, 
6018, 
0, 
2820, 
2322, 
0, 
2324, 
5860, 
3703, 
9542, 
529, 
9244, 
3378, 
9546, 
4853, 
6653, 
2631, 
6694, 
3681, 
4856, 
8539, 
0, 
2637, 
8629, 
8543, 
3686, 
513, 
8212, 
6867, 
6866, 
5789, 
1792, 
519, 
0, 
5624, 
5012, 
523, 
0, 
0, 
524, 
9575, 
6878, 
9577, 
4752, 
0, 
5770, 
6853, 
6852, 
4759, 
6559, 
3585, 
568, 
3546, 
0, 
1749, 
5812, 
7979, 
7978, 
0, 
5956, 
3799, 
0, 
2581, 
5952, 
3599, 
0, 
4480, 
4980, 
7827, 
0, 
7829, 
556, 
1735, 
295, 
3641, 
2560, 
723, 
3571, 
3572, 
4984, 
4494, 
7938, 
8473, 
3756, 
4795, 
1483, 
2573, 
736, 
5463, 
5462, 
7817, 
313, 
0, 
0, 
1789, 
2612, 
4775, 
7822, 
713, 
1760, 
7859, 
0, 
0, 
0, 
719, 
0, 
753, 
5448, 
0, 
0, 
1773, 
3804, 
1775, 
0, 
9093, 
0, 
2603, 
5490, 
0, 
2604, 
4899, 
0, 
5497, 
5496, 
6835, 
738, 
6252, 
0, 
7855, 
5502, 
7505, 
7932, 
1667, 
483, 
4429, 
0, 
2783, 
2782, 
5216, 
7876, 
3506, 
3834, 
1412, 
0, 
5487, 
1714, 
1713, 
6824, 
4475, 
3515, 
6829, 
9716, 
2767, 
7494, 
6481, 
7496, 
0, 
9722, 
6485, 
7500, 
6907, 
0, 
9697, 
2660, 
5379, 
1698, 
6493, 
8652, 
0, 
3734, 
2785, 
9704, 
691, 
2786, 
4373, 
0, 
6471, 
0, 
3713, 
6472, 
4379, 
8403, 
404, 
7524, 
0, 
7526, 
0, 
2704, 
6515, 
674, 
0, 
648, 
679, 
2710, 
2713, 
0, 
4363, 
0, 
4365, 
3764, 
687, 
9606, 
8424, 
1352, 
0, 
0, 
7453, 
8596, 
343, 
2143, 
0, 
6504, 
6507, 
5586, 
1657, 
608, 
5591, 
2702, 
321, 
5796, 
7435, 
3754, 
3757, 
9660, 
7827, 
1406, 
5569, 
0, 
3411, 
330, 
68, 
7832, 
2751, 
4818, 
0, 
6796, 
8627, 
1386, 
5809, 
1388, 
3423, 
1390, 
5821, 
0, 
5823, 
9298, 
0, 
2732, 
0, 
382, 
2385, 
3105, 
7467, 
0, 
92, 
6381, 
4551, 
1310, 
0, 
4788, 
0, 
9282, 
0, 
3608, 
2399, 
9962, 
7749, 
604, 
7643, 
2370, 
0, 
5776, 
0, 
3127, 
8281, 
5520, 
0, 
3426, 
9333, 
1332, 
7326, 
0, 
1337, 
556, 
8259, 
3434, 
7332, 
4744, 
6286, 
5534, 
3345, 
2424, 
2427, 
9934, 
3349, 
0, 
5511, 
0, 
8305, 
3281, 
5250, 
4766, 
12, 
3356, 
6731, 
0, 
3329, 
8312, 
9235, 
7650, 
0, 
1560, 
3531, 
5558, 
8289, 
524, 
7659, 
5562, 
28, 
1500, 
4487, 
3303, 
5272, 
0, 
8299, 
2330, 
6653, 
5540, 
7575, 
1514, 
465, 
6700, 
3387, 
0, 
3316, 
5548, 
0, 
8214, 
0, 
3500, 
2315, 
474, 
5292, 
476, 
54, 
8222, 
0, 
8057, 
0, 
2354, 
7697, 
452, 
9279, 
7566, 
3537, 
0, 
0, 
8202, 
4689, 
9864, 
2467, 
3542, 
2337, 
1512, 
9259, 
1514, 
2341, 
2301, 
0, 
8246, 
